9c6128e1;8335296;1;2;5
1a3a56fa;22116693;0;0;22
26f40ddc;10274920;0;1;19
aa1b12f5;24555997;1;0;22
47c8b4f7;5412598;1;1;13
3a639398;401864;1;0;3
083ec6f1;15823847;0;0;14
db451720;5895174;2;2;1
85f1556b;23015203;2;1;12
f9d43043;7100900;1;0;11
38d0587f;6541865;2;0;17
74f32dd0;23058367;1;2;23
81738058;7632955;2;1;18
8fb05354;4730152;2;0;15
c7f94403;22218940;1;1;7
ff7123f4;19769169;0;0;23
3119ef45;9005756;2;2;14
5844f92a;19373448;2;1;2
948deeed;4490140;1;1;12
eb738e45;19748170;0;2;5
a2418d7f;18060730;1;2;14
0ad18af0;11944453;1;2;20
0e21af82;11579442;0;2;13
d23d274e;20094457;0;0;21
d461f549;24087666;1;1;7
14aaacfd;9312309;0;2;22
f928815b;8531816;1;2;12
e8b1865e;780396;0;2;10
c8aad345;3652748;2;2;17
a82e6096;7790558;1;1;12
96aa648f;20433598;1;2;9
e380ee7e;12759696;0;0;0
31dbab79;3750559;1;2;22
f2d89564;11489348;1;1;4
b38acb14;11121130;2;2;7
62600d8f;7188749;1;0;8
813288da;6694372;0;1;2
9e45cc4e;18030911;2;0;0
ebf6d053;24877698;0;0;17
14a3ac57;18261259;0;1;14
25ed4238;14244725;2;1;19
c470e185;14128338;0;2;19
7975f8ba;3618738;2;0;18
bbf2fa76;12156148;0;0;18
6fdbfd11;13476265;0;2;19
59b1996e;18527615;2;1;5
724c05a6;17065331;1;2;22
76f9935a;14598743;2;0;23
484db5a0;11882887;2;0;7
b12ea9ae;9812964;1;2;2
bb1a9205;18405977;1;0;7
727b3284;4535243;2;1;9
0ad591a8;4221146;2;1;3
c513b62c;1575440;1;2;7
d9ccaf4b;12946646;2;2;16
454eed62;11420475;1;1;21
e6592e40;8591951;2;1;20
25724002;2444832;2;0;1
11c3faff;2249121;0;0;3
859a9212;3618918;1;0;12
651bcd17;9260547;1;1;17
2370d88d;23484828;2;1;0
05ccb4a7;16257607;1;1;1
c79a7348;5419023;0;1;18
114f69f2;18714766;1;2;12
8011bbc9;20451476;1;0;8
8721c75f;20913639;0;0;3
e2c502f9;5160801;0;1;6
8be43994;21461573;0;2;4
dca0e3ab;8414907;1;2;21
95abe546;13759253;1;2;17
106b0b48;16976701;1;2;17
940b43cc;12061882;0;0;7
1d3a0ba5;11244365;0;2;3
66dfab8c;20028454;0;2;19
706406a4;8645767;2;2;23
badac916;14903660;0;2;18
9b308a98;8456493;2;0;9
80246981;1726953;0;2;16
491fdd97;8061076;2;0;9
29b4540b;23213308;0;0;14
c3e50496;16926916;2;1;17
2a67d659;17200198;1;0;8
e0d1db56;810454;1;2;13
4a05a409;19805330;1;0;12
8059b3fa;19965101;2;0;3
a15e1a9b;18689669;2;0;2
9b881782;6370480;0;1;3
44e8c33b;17070271;0;0;14
b068e4d3;6252494;0;0;13
9e77ed5b;377472;2;0;7
f3e53dc8;20413764;0;0;19
153637e7;3700951;2;0;10
3c037d94;6143950;2;1;20
df42097f;9419205;0;1;6
ba774c98;10729514;1;0;17
955a0540;10656969;0;0;13
adec9d59;12832427;1;2;19
36204f17;7465104;2;1;3
6c402b69;4257374;0;2;1
