77c1f059;5937799;0;1;19
e51727f1;13739334;2;0;1
20605bcd;16841748;1;1;12
12b084f1;20782854;1;0;15
393b32ce;5856837;2;1;11
0a110f10;795227;0;1;13
175f6827;17197062;2;1;18
4f506802;12088740;2;2;15
b30cc819;9006784;1;0;0
3d6c3ce8;6165693;0;1;12
5173f574;8598233;1;2;2
dd0b2146;14636965;1;1;5
233c3579;15743526;2;2;4
88f239fb;7486100;1;0;7
1122d67d;8415712;1;0;13
3ce28945;17698452;0;2;3
b25aaf34;11623386;2;0;10
14c0281f;8524903;1;1;9
e8cc7a3e;21233403;1;2;3
a1e816d2;15899703;0;1;23
22e77094;5926221;0;2;21
5da746f4;4781947;1;0;18
a63351b8;16678402;1;1;5
e2f32cc7;9440236;2;1;3
fd44faba;14416809;0;2;15
1217d39d;8950041;0;0;22
5766860f;7739022;1;2;16
c119d2fa;20423306;0;1;5
f2ca7d1b;23844512;2;0;12
c3254989;23739820;1;2;15
a0f5522d;17071098;2;0;9
5507a81d;12799900;0;1;12
c13b7b11;681223;1;0;15
53033538;24567887;0;1;19
74eba6d2;18792573;0;1;11
5e2a377a;3426026;2;2;1
1d8397ef;6597588;1;0;7
e15178c5;14608229;2;0;1
1c04e0c8;18266366;0;1;4
a4a23214;1733270;1;0;14
b1beff28;8177521;2;0;9
df9c83e9;14706930;0;0;16
8a33a395;7371517;2;2;11
574c7dd4;15512641;0;0;21
d6cccea2;18370989;0;1;12
0927ba02;660145;2;1;6
68b66620;7762623;2;1;18
e251ed92;10311700;1;0;5
9f1a7c92;7185082;0;2;8
c97949bc;355376;0;1;13
a80de57d;14617545;1;0;22
6de4ed69;9944961;0;2;8
398b4479;19113367;1;0;19
d67b75c8;13276012;1;0;0
7e74dfc4;3373403;2;0;13
3311a63a;617582;2;0;10
75e2399d;9803521;2;1;17
a3aae8a6;14869159;0;1;17
826a7085;11950845;2;1;15
934c8900;1162335;0;1;8
ed62a76c;14463243;2;0;17
133c50fe;8276752;1;2;21
ebb11918;10966608;1;1;8
d1e95bee;11889851;1;0;1
ba7a9a4a;10504452;1;2;0
9ed55c5e;10929944;0;2;18
725d9a0e;24434351;2;0;3
bd727e43;4552159;1;2;13
ad83334c;11925764;2;0;14
3c486dde;13506777;0;2;0
2f942ee6;13453772;1;2;9
56beab12;15919493;2;0;18
cf6974c0;7933247;0;2;0
a0be430c;23753138;1;2;19
7b042e5c;10388007;0;0;19
1c20eff4;7470387;2;1;18
92704f31;8299463;2;1;5
c256602a;7666990;0;2;23
2c26d2e0;16029311;2;2;11
0824731a;3695053;2;2;6
a4fab48c;7960788;2;2;23
f4c92681;15545895;0;1;2
ce7b9306;22253021;0;0;10
fb264131;21512033;0;1;5
0799242d;8353013;1;2;15
aeded402;5397800;0;2;22
f517b053;22659790;2;1;19
d5c644dc;3298143;2;0;22
13828d4f;7985230;0;2;23
81c66b7b;1215127;0;2;22
bd72642f;23706124;0;0;18
451f7a2e;16031684;2;2;2
e85c4e21;24751990;1;1;1
e42348eb;23612125;2;0;3
a752ee8d;18823173;1;1;17
fb3cf0d6;4048951;0;1;5
a4a19626;12483757;0;2;12
56313481;5325512;2;0;12
ae407231;13023829;2;2;16
2968d727;7914007;1;0;11
