d217d53c;9235626;1;0;6
c72158bf;4078400;1;0;14
a1e203da;10498085;0;1;15
80804ca9;11901748;0;1;5
32ac095f;4814340;0;0;11
36ba5329;307497;1;1;7
fcb74f08;2696688;0;0;1
eddec3d7;7594252;0;0;11
46bfd3fb;15043570;1;2;0
b1196eca;17253589;1;1;0
69e9d202;19403069;2;2;15
0a57588d;11090396;2;1;3
214ade10;267494;0;0;6
08a9decc;915310;0;1;16
6fd1b5af;5293550;0;2;18
7825c023;21328767;0;0;14
c8f78a74;15592643;1;1;23
fa7b75ec;22366188;0;1;20
dd80ce68;9485842;0;0;19
e8db783b;7023852;2;1;13
198d5d90;5368037;1;1;2
fa2af552;14934971;1;1;15
a8318797;575816;1;1;17
bb74b469;9715502;1;0;6
cc501314;4403599;0;1;10
e6cb7603;8749237;0;1;21
bf93dbbd;19662557;1;0;8
3af03951;431684;2;1;13
997e1be0;8426849;1;1;20
a1c6bfa2;142289;0;0;21
0daca697;8861702;0;2;12
22eb18e8;2464515;2;2;18
a80a6821;1277881;2;2;21
f2de1b96;18423322;2;0;18
878f11df;2807056;0;2;8
5b67d012;17759570;2;2;4
86127853;1342624;2;2;18
118e98e2;2510880;0;0;2
2be06a9d;20640493;2;0;21
8c1feae7;19418483;2;2;8
9ec72a0e;14724378;0;0;12
2c0bf508;24929589;0;0;4
10824c68;20990132;2;2;8
46c591d8;22814813;1;0;4
8126c331;7653637;2;2;17
b6002c3a;670172;2;1;13
b4662cba;7436802;0;1;0
e8ce8248;22823209;2;1;14
a2a44723;10636186;2;1;16
a336845b;18412749;1;2;15
1813f42e;21968781;0;2;19
3821a6d1;9661843;0;2;2
311dc84e;16839492;2;2;13
fa49e389;6613411;1;0;20
eee04e8c;13924827;1;0;9
20315bf3;848131;2;2;0
5c725b9e;12217361;1;1;7
efe20d0d;21954085;2;2;7
ffbea8f8;21925470;2;2;23
c558659e;1767730;0;1;10
7c2f93e6;24872888;1;0;17
650ff6ea;22655671;2;1;0
255ae790;6292610;2;1;12
e5256602;7356825;1;0;22
0199bf94;6159681;0;0;21
756a4ebb;14154463;2;2;9
51b5bb41;19457381;2;0;23
8819200d;7397687;0;1;1
a96f7369;6021371;0;1;4
d0b413a5;4641857;1;2;16
3c46a0f8;1856296;0;2;12
73f84914;7927519;2;0;12
76e853e1;5069402;1;1;4
49cb8e01;7967334;2;1;5
7f2f3de5;15815682;2;0;3
c9a95549;6260581;2;1;2
5ace42c5;15899097;0;0;14
f9c938be;6404723;1;2;21
b11e6fd1;4924387;0;1;1
4f9395ac;7123597;1;1;8
71e7efd4;16144016;2;0;20
77b37d22;10781749;2;1;9
cbc42fb7;16394776;0;0;13
ce2411b7;17404441;1;0;21
d020baed;768585;0;1;16
2f09692a;5472867;2;2;16
043a5c61;23912003;2;0;14
c83860b2;7014108;2;0;18
94e09490;16099011;0;2;13
06097dab;15755362;0;0;3
7b995c28;13471564;1;0;23
6b34190a;23361964;2;0;3
37c86f79;13092477;2;2;21
a45a0adf;10028749;1;1;4
7c231633;19705138;0;1;23
7bf99798;21944274;1;0;22
b75c4363;7344622;2;1;5
5052fbd2;24397438;1;2;2
67d6a65b;194700;1;0;20
de3e222f;546022;0;0;10