f15d6837;21791787;1;2;2
3a796622;9310287;1;2;22
b0ea54bf;20502805;0;0;9
cbc74d89;22605963;2;1;9
b802ce91;1023870;0;0;4
59c3e2b3;10577547;0;2;2
dd7b2ad8;15298926;1;0;8
a0291ee5;7978082;1;2;3
fd9574ed;1185049;0;1;21
6834e0ef;17156485;2;0;22
d99635cd;24762706;0;0;16
88c6ccc3;2751987;2;1;22
392af675;24606772;0;0;9
d179d00a;11640358;2;0;0
c5c8ec05;12412828;2;0;11
df963f97;13151423;2;0;13
2e50943f;15623287;0;0;17
e9d80940;10827413;1;1;17
038d2cbf;3947854;1;1;3
a5c281b3;8241680;0;1;12
2f1d91aa;22922876;0;0;11
8286c038;17647309;2;2;0
b02aa1f1;13904096;2;2;0
8ca4ab53;6475149;2;2;4
cd819c83;6137355;2;0;2
b1a0308a;7950817;1;2;21
29817dfb;22801762;2;1;21
aff0a927;3350169;1;1;22
84f6001b;24169870;2;1;1
ca2de222;14662812;0;2;5
f894c544;17279388;2;2;16
1db6b406;2683152;0;2;14
1db48bc4;17760963;1;0;21
8ad8f3d1;21798533;0;0;2
7a7b352f;5716550;2;2;5
f2d57b45;13993988;2;1;0
3eb254be;23792926;1;1;7
8367787c;5843131;1;0;15
cd6310a6;21844852;2;1;10
9b97f1bf;3504733;0;1;4
8cb0fdce;8832435;0;1;17
3b9e0be8;11994499;2;0;13
0236f03e;3847206;2;2;23
e79bc898;11251583;0;1;2
25410ac7;9411461;2;0;2
a717237b;2769381;0;2;15
3d146f8b;11445380;2;2;16
f1b140ae;21810115;1;2;9
95bf0cbc;16546469;2;0;11
3bdcc87c;16472761;2;2;9
b53281ec;18475843;0;1;18
9365c729;1133827;0;2;21
54e1a411;16995894;0;1;5
ab06a7f2;23030539;2;2;13
efac8dfb;18453870;0;2;3
4851d66c;12005945;1;1;7
26d7d540;3755895;2;2;10
0dd9cfb4;14685481;2;2;16
941f6a43;5625955;2;0;21
e2fcd5de;20604521;1;2;15
f4a843d5;18294402;0;0;21
0e819362;19056455;0;0;16
26ccf6c3;19010480;2;2;2
8fb1725a;6680805;2;2;5
156f39be;12023429;0;0;4
bc4dc2f0;22060944;1;1;6
533684ef;11926680;1;2;6
a8c4b8ee;14850905;2;0;13
61f59bd5;14509681;1;1;10
5afa84d9;13200851;2;2;11
55cbe7bd;9511886;1;0;7
3b435b3e;9500720;1;0;19
0447befa;20923434;2;0;3
7c31cebe;15711568;0;2;6
ba385aba;16727050;2;2;12
ffe1658f;20804164;1;1;6
1bf7e512;11225701;0;0;12
ff01c857;14074342;1;2;20
e2ef8be9;14350545;0;0;12
60cf7d23;19354663;0;2;5
ad37284a;13593678;2;0;4
2b45ef15;16391910;2;0;8
71443723;5460255;0;2;13
2de7b36c;6909938;1;0;20
ccf24105;24584468;2;0;5
c0a0cbfa;14127429;0;0;0
ca58159d;24903944;0;1;16
ef8740ae;10750067;1;0;15
91bdc430;23537090;1;1;12
5b68ce37;1706673;0;2;22
f90d934e;24257900;2;0;5
7aa171d7;19148829;1;0;19
49fefe02;18712774;2;1;15
36182983;18483520;0;1;6
6974243a;19773868;1;1;6
c0d0da33;20458330;1;0;1
70f0ff2f;12673520;1;0;20
80611fa5;568717;1;0;19
5ebfd851;15814260;1;0;7
ced0b8cc;8306907;0;0;12
