b117706b;8867494;0;0;3
2289450f;876976;1;2;3
213b426b;20169476;0;2;1
a77b7571;2734557;1;2;19
b944c646;1172336;0;1;12
6c5dae06;4594007;1;0;13
1e080e1c;12188407;2;2;5
95fb1edf;14456244;2;0;20
2b1097e3;21001293;0;2;9
f188904e;18811833;0;0;15
69687a16;165757;2;2;9
0ebac722;14649275;0;2;3
7fc67bd6;291793;0;2;0
cbeb1c2e;9488503;1;1;20
f32e1950;16207433;0;0;2
e3def739;21959121;0;2;9
c6eefcad;19144799;1;1;7
3651c916;21692907;0;2;12
2150ee16;9343944;2;2;6
c2492fe4;3550127;1;0;16
e8120a70;24719011;2;1;15
57f66501;22449169;1;1;16
5e8d0113;22481237;1;1;19
67860d27;21319051;0;1;13
3ecf8056;6863339;1;0;16
b1388fb0;15944320;0;0;4
5a1daea2;7339813;0;1;12
a93f07c7;6721873;0;2;3
e094cd4a;17987665;1;2;22
c864a002;18599248;2;2;7
f388ad19;14882129;2;1;17
85673f56;1713888;1;2;19
9eaa95c6;24671877;1;2;6
08a7f326;6502937;0;1;1
09a581d2;23728275;1;2;11
c5183cd6;3303084;1;2;16
da10e256;3513195;2;0;9
26849b40;22709981;0;1;17
ffee1ee8;19059936;0;1;12
fd195802;24216795;2;1;18
b4d2e7ff;18711768;0;1;18
0d72557d;6901380;2;1;22
6fb1b650;9512636;0;1;10
70269c94;7181645;0;0;23
273769d9;18894561;2;2;1
e7ba5d68;9908619;1;2;11
4fcc3ffd;19556258;1;0;4
7c40fa75;5316759;1;2;17
c696129a;15677516;2;0;18
52c4f9ee;5601028;2;2;6
2e46f496;19863855;0;0;9
a182fc51;16140270;2;2;9
2eee490e;6466002;2;1;4
0736e453;12636423;0;0;22
487c03e3;8168727;1;1;19
a5ef62fa;6689095;1;0;10
1f6a6bf9;3993536;0;1;0
1d240ad4;13575029;2;1;22
50ab649b;3109798;0;2;5
c12c3e8a;17252002;0;1;10
6f81802a;10098796;1;2;21
2ee71f1d;8856680;1;0;5
45f24e20;13565260;1;0;23
d5bbe133;6215954;0;1;10
b7968b3b;21240906;2;1;20
a6e3e40e;18141308;2;2;3
dad6d623;20974503;1;0;0
231cffe3;23525729;1;2;14
e29250f0;3253012;2;0;12
924c61e0;16512705;2;1;2
fbaba909;12148325;2;1;20
426001f4;256832;0;0;3
3ef5d54a;22834129;1;2;5
d2e77b57;18045573;1;2;12
ba89c8bc;67430;1;0;15
31ac07ff;16801683;2;0;7
ec12add2;23279276;2;2;0
33b5deaf;19235851;1;0;13
1a5bd5fc;20169194;0;2;10
af862750;12169079;1;0;17
50ba5a3f;6947890;0;1;11
8a9ac53e;14794325;1;0;17
67498a5f;14622725;0;0;13
960b9d30;21896954;2;2;2
93acd01b;11970521;2;0;10
7fa4d8b5;23303519;2;2;23
1cff9b7b;17092198;0;1;22
5564b256;7078403;0;2;19
d403813e;20693810;1;2;14
395631a2;10237864;0;0;23
d0e159f2;488473;2;1;21
2039e7a4;12000998;0;1;4
29a26a37;12363748;2;2;23
27d3f186;20847159;0;0;8
7674c859;208992;1;0;13
e5514e04;12899380;2;1;15
50d4d1b4;22547212;0;2;1
7175c9cf;10403297;1;0;22
2fea9f2d;365959;2;2;21
1be81625;20321138;1;0;5
